00
00
45_00_00_3c_00_05_00_00_40_06_77_5f_c0_a8_41_03_c0_a8_41_04_23_28_23_28_2a_e8_94_4a_00_00_00_00_50_02_d7_ff_cf_ac_00_00_00_00_00_00
45_00_00_3c_00_06_00_00_40_06_77_5e_c0_a8_41_03_c0_a8_41_04_23_28_23_28_62_55_58_ec_00_00_00_00_50_02_d7_ff_a6_4b_00_00_00_00_00_00
00
00
00
00
00
00
45_00_00_2c_00_07_00_00_40_06_77_6d_c0_a8_41_03_c0_a8_41_04_23_28_23_28_ab_59_fd_a7_c4_85_44_d8_50_18_d7_ff_29_5f_00_00_31_32_33_34
00
00
45_00_00_2c_00_08_00_00_40_06_77_6c_c0_a8_41_03_c0_a8_41_04_23_28_23_28_00_00_00_00_c5_85_44_d8_50_18_d7_ff_4a_49_00_00_33_34_35_36
00
00
00
00
45_00_00_2c_00_09_00_00_40_06_77_6b_c0_a8_41_03_c0_a8_41_04_23_28_23_28_01_00_00_00_c6_85_44_d8_50_18_d7_ff_a5_ef_00_00_77_65_72_74